transient = ULOHS
worth = 0.12
989.451
989.438
989.451
989.448
989.447
989.458
989.453
989.449
worth = 0.25
975.808
975.813
975.824
975.826
975.823
975.828
975.831
975.828
worth = 0.37
963.222
963.229
963.232
963.239
963.234
963.24
963.239
963.244
worth = 0.5
949.63
949.628
949.632
949.638
949.637
949.639
949.644
949.648
worth = 0.62
937.089
937.092
937.099
937.102
937.106
937.115
937.126
937.136
worth = 0.75
923.536
923.543
923.55
923.555
923.557
923.573
923.661
924.145
worth = 0.87
911.055
911.06
911.065
910.789
911.355
912.864
914.692
916.807
worth = 1.0
897.244
898.079
899.559
901.441
903.637
905.982
908.504
911.101
transient = UTOP
worth = 0.12
917.603
907.963
918.669
911.63
912.312
911.832
916.477
923.802
worth = 0.25
906.428
907.264
908.766
910.588
908.018
914.067
930.917
911.502
worth = 0.37
897.154
900.387
902.19
904.356
906.669
909.118
911.382
914.111
worth = 0.5
902.739
899.109
896.43
900.091
903.482
905.002
907.84
929.769
worth = 0.62
904.538
903.486
914.002
895.716
899.829
902.604
905.137
908.124
worth = 0.75
900.495
1102.291
911.668
916.303
898.375
901.068
903.642
906.624
worth = 0.87
901.916
907.659
917.369
917.156
926.685
927.696
931.611
964.656
worth = 1.0
918.32
922.687
927.034
931.864
937.09
945.969
950.218
953.775
transient = ULOF
worth = 0.12
1146.99
1146.997
1146.999
1147.0
1147.001
1147.005
1147.006
1147.006
worth = 0.25
1125.195
1125.204
1125.208
1125.208
1125.206
1125.211
1125.211
1125.123
worth = 0.37
1105.413
1105.423
1105.428
1105.437
1105.306
1105.279
1105.273
1105.301
worth = 0.5
1083.753
1083.626
1083.57
1083.564
1083.574
1083.627
1083.795
1083.809
worth = 0.62
1063.642
1063.634
1063.115
1062.758
1062.419
1060.637
1058.545
1056.914
worth = 0.75
1041.321
1038.4
1035.779
1032.779
1031.405
1029.502
1027.886
1027.422
worth = 0.87
1013.814
1011.612
1008.321
1006.889
1006.69
1008.058
1011.828
1204.618
worth = 1.0
986.508
985.71
987.286
990.711
1220.463
1199.018
1213.158
1191.469

