transient = ULOHS
worth = 0.12
989.451
989.438
989.451
989.448
989.447
989.458
989.453
989.449
989.452
989.46
worth = 0.25
975.808
975.813
975.824
975.826
975.823
975.828
975.831
975.828
975.836
975.831
worth = 0.37
963.222
963.229
963.232
963.239
963.234
963.24
963.239
963.244
963.254
963.258
worth = 0.5
949.63
949.628
949.632
949.638
949.637
949.639
949.644
949.648
949.658
949.663
worth = 0.62
937.089
937.092
937.099
937.102
937.106
937.115
937.126
937.136
937.145
937.41
worth = 0.75
923.536
923.543
923.55
923.555
923.557
923.573
923.661
924.145
925.514
927.369
worth = 0.87
911.055
911.06
911.065
910.789
911.355
912.864
914.692
916.807
919.081
921.489
worth = 1.0
897.244
898.079
899.559
901.441
903.637
905.982
908.504
911.101
913.821
916.6
transient = UTOP
worth = 0.12
917.604
907.969
918.669
911.635
912.312
911.842
916.578
923.852
924.667
925.991
worth = 0.25
906.428
907.264
908.769
910.588
908.021
914.067
930.967
911.502
918.781
915.91
worth = 0.37
897.24
900.387
902.19
904.356
906.693
909.118
911.382
914.111
924.653
914.42
worth = 0.5
902.828
899.12
896.43
900.094
903.564
905.002
907.84
929.791
913.169
914.703
worth = 0.62
904.538
903.486
914.002
895.716
899.829
902.689
905.155
908.124
911.219
937.572
worth = 0.75
900.495
1102.291
911.668
916.336
898.375
901.068
903.642
906.691
909.71
941.923
worth = 0.87
901.947
907.731
917.369
917.156
926.704
927.696
931.611
964.675
943.978
950.371
worth = 1.0
918.32
922.687
927.041
931.864
937.09
945.969
950.218
953.775
964.021
964.818
transient = ULOF
worth = 0.12
1146.99
1146.997
1146.999
1147.0
1147.001
1147.005
1147.006
1147.006
1147.007
1147.008
worth = 0.25
1125.195
1125.204
1125.208
1125.208
1125.206
1125.211
1125.211
1125.123
1125.078
1125.087
worth = 0.37
1105.413
1105.423
1105.428
1105.437
1105.306
1105.279
1105.273
1105.301
1105.357
1105.496
worth = 0.5
1083.753
1083.626
1083.57
1083.564
1083.574
1083.627
1083.795
1083.809
1083.69
1083.244
worth = 0.62
1063.642
1063.634
1063.115
1062.758
1062.419
1060.637
1058.545
1056.914
1054.712
1053.316
worth = 0.75
1041.321
1038.4
1035.779
1032.779
1031.405
1029.502
1027.886
1027.422
1028.608
1031.639
worth = 0.87
1013.814
1011.612
1008.321
1006.889
1006.69
1008.058
1011.828
1206.53
1215.172
1209.547
worth = 1.0
986.508
985.71
987.286
990.711
1220.463
1199.018
1222.32
1191.469
1188.997
1190.358
