transient = ULOHS
worth = 0.12
989.441
989.449
989.452
989.447
989.444
989.456
989.455
989.453
worth = 0.25
975.809
975.811
975.814
975.811
975.818
975.819
975.818
975.818
worth = 0.37
963.219
963.222
963.227
963.222
963.229
963.229
963.241
worth = 0.5
949.617
949.62
949.627
949.632
949.63
949.628
949.632
949.641
worth = 0.62
937.078
937.081
937.082
937.085
937.093
937.096
937.098
937.104
worth = 0.75
923.525
923.529
923.529
923.535
923.544
923.543
923.549
worth = 0.87
911.038
911.04
911.051
911.054
911.061
911.066
911.072
worth = 1.0
897.533
897.536
897.315
897.285
897.285
897.286
897.483
898.867
transient = UTOP
worth = 0.12
916.144
916.343
916.305
902.54
916.815
922.278
917.139
915.387
worth = 0.25
890.342
900.445
901.58
903.948
905.628
906.793
908.741
911.112
worth = 0.37
886.793
887.373
894.425
897.85
897.988
900.731
903.213
906.202
worth = 0.5
877.894
892.085
898.297
888.748
905.808
896.628
900.736
903.866
worth = 0.62
889.94
895.756
901.498
907.95
910.46
920.96
915.608
920.18
worth = 0.75
904.916
909.201
925.26
920.065
928.327
1170.55
1224.838
970.783
worth = 0.87
938.852
943.553
929.212
936.847
975.576
956.571
965.013
968.665
worth = 1.0
967.028
958.04
961.731
1009.286
963.534
1253.374
988.42
987.752
transient = ULOF
worth = 0.12
1146.987
1146.994
1146.997
1146.998
1147.0
1147.005
1147.006
1147.006
worth = 0.25
1125.33
1125.338
1125.341
1125.347
1125.345
1125.348
1125.202
1125.2
worth = 0.37
1105.378
1105.368
1105.357
1105.344
1104.781
1104.292
1104.007
1102.608
worth = 0.5
1082.931
1082.074
1080.122
1079.355
1078.945
1078.259
1077.783
1076.323
worth = 0.62
1060.442
1059.02
1056.413
1054.739
1053.147
1052.623
1052.526
1052.231
worth = 0.75
1033.268
1031.611
1031.01
1030.495
1028.852
1028.302
1025.983
1025.926
worth = 0.87
1011.708
1009.227
1008.072
1006.319
1006.221
1007.188
1007.503
1009.263
worth = 1.0
986.19
985.739
986.478
987.219
994.538
1014.587
1204.74
1207.564
