transient = ULOHS
worth = 0.12
989.449
989.435
989.443
989.453
989.458
989.457
989.454
991.157
991.989
992.939
worth = 0.25
975.802
975.811
975.814
975.812
975.813
975.818
975.816
979.367
981.106
983.102
worth = 0.37
963.219
963.225
963.221
963.225
963.235
963.234
963.227
968.481
971.071
974.017
worth = 0.5
949.618
949.626
949.626
949.632
949.628
949.635
949.636
956.707
960.193
964.165
worth = 0.62
937.078
937.085
937.09
937.089
937.093
937.102
937.104
945.855
950.171
955.098
worth = 0.75
923.528
923.529
923.534
923.539
923.544
923.55
923.555
934.12
939.326
945.278
worth = 0.87
911.034
911.045
911.05
911.052
911.059
911.065
911.069
923.307
929.336
936.235
worth = 1.0
897.53
897.316
897.284
897.283
897.281
897.759
899.35
911.611
918.53
926.448
transient = UTOP
worth = 0.12
916.398
916.404
916.547
906.406
912.126
913.497
921.515
908.8
916.893
917.586
worth = 0.25
900.173
902.5
903.376
904.828
906.755
908.803
910.691
911.894
911.148
921.013
worth = 0.37
887.618
905.032
899.606
900.192
900.184
902.748
905.387
908.391
911.03
913.661
worth = 0.5
890.958
883.871
905.163
909.163
916.892
899.327
901.904
905.128
907.984
911.246
worth = 0.62
885.351
896.591
901.245
907.027
906.268
909.591
914.47
920.847
923.517
930.923
worth = 0.75
897.211
903.514
908.682
912.546
921.155
924.395
937.645
935.703
950.296
979.946
worth = 0.87
913.708
935.419
940.299
934.228
950.641
1001.68
970.807
966.188
952.666
945.223
worth = 1.0
936.348
958.643
941.462
956.325
966.491
978.061
976.578
992.821
965.725
977.964
transient = ULOF
worth = 0.12
1146.987
1146.993
1146.999
1147.0
1146.999
1147.004
1147.005
1149.729
1151.068
1152.598
worth = 0.25
1125.335
1125.342
1125.353
1125.358
1125.357
1125.212
1125.214
1130.869
1133.659
1136.847
worth = 0.37
1105.391
1105.394
1105.395
1105.386
1105.381
1105.38
1105.368
1113.286
1116.709
1120.685
worth = 0.5
1083.685
1082.794
1082.229
1080.747
1079.724
1079.181
1078.642
1089.461
1094.843
1101.143
worth = 0.62
1062.124
1059.757
1058.577
1055.834
1054.372
1053.791
1053.473
1065.744
1073.233
1083.134
worth = 0.75
1034.298
1032.349
1031.585
1030.5
1029.091
1028.211
1026.58
1045.973
1055.293
1063.068
worth = 0.87
1011.528
1009.34
1008.009
1006.445
1006.533
1006.073
1007.003
1025.741
1035.428
1048.444
worth = 1.0
986.418
985.988
985.497
986.766
988.468
1000.708
1216.856
1010.962
1020.206
1031.541
