transient = ULOF
transient = ULOF
worth = 0.87
1011.812
1013.855
1010.81
1011.327
1024.164
1048.371
1051.49
1217.575
1052.353
1042.659
1089.483
worth = 1.0
1142.769
996.974
1030.945
1052.887
1055.05
1202.477
1212.045
1211.735
1223.544
1212.923
1216.314
1078.777
worth = 1.12
1137.832
1057.042
1206.159
1184.282
1220.675
1210.262
1202.524
1212.128
1212.478
1221.278
1208.163
1069.169
worth = 1.25
1133.061
1217.0
1221.533
1187.26
1221.575
1214.077
1210.329
1206.099
1209.744
1216.412
1217.008
1059.093
worth = 1.37
1128.202
1204.752
1186.607
1195.672
1215.05
1210.431
1214.904
1211.836
1213.002
1211.873
1219.029
1050.615
worth = 1.5
1124.376
1182.419
1179.021
1178.717
1176.133
1220.247
1218.083
1218.043
1213.105
1200.284
1190.475
1042.134
1119.847
