transient = ULOHS
worth = 0.12
1146.997
1147.001
1147.0
1147.004
1147.004
1147.004
1147.003
1147.0
1149.165
1151.18
1157.857
worth = 0.25
1163.833
1125.225
1124.748
1124.431
1124.085
1122.709
1121.807
1121.363
1120.333
1125.401
1130.31
1147.707
worth = 0.37
1160.192
1100.42
1099.761
1099.407
1099.193
1098.851
1098.641
1098.544
1098.489
1105.144
1111.687
1135.963
worth = 0.5
1156.819
1076.815
1076.83
1075.897
1074.187
1073.267
1071.854
1071.484
1071.322
1081.027
1090.252
1123.319
worth = 0.62
1153.168
1052.619
1051.821
1051.506
1051.191
1051.052
1051.052
1051.087
1051.408
1062.701
1073.599
1113.0
worth = 0.75
1149.803
1029.969
1029.768
1029.897
1030.167
1031.123
1030.411
1030.224
1031.86
1043.865
1056.36
1100.97
worth = 0.87
1146.148
1011.812
1013.855
1010.81
1011.327
1024.164
1048.371
1051.49
1217.575
1052.353
1042.659
1089.483
worth = 1.0
1142.769
996.974
1030.945
1052.887
1055.05
1202.477
1212.045
1211.735
1223.544
1212.923
1216.314
1078.777
worth = 1.12
1137.832
1057.042
1206.159
1184.282
1220.675
1210.262
1202.524
1212.128
1212.478
1221.278
1208.163
1069.169
worth = 1.25
1133.061
1217.0
1221.533
1187.26
1221.575
1214.077
1210.329
1206.099
1209.744
1216.412
1217.008
1059.093
worth = 1.37
1128.202
1204.752
1186.607
1195.672
1215.05
1210.431
1214.904
1211.836
1213.002
1211.873
1219.029
1050.615
worth = 1.5
1124.376
1182.419
1179.021
1178.717
1176.133
1220.247
1218.083
1218.043
1213.105
1200.284
1190.475
1042.134
transient = UTOP
worth = 0.12
1119.847
989.451
989.442
989.45
989.454
989.448
989.458
989.448
989.46
990.802
992.063
996.222
999.947
worth = 0.25
975.816
975.812
975.822
975.817
975.806
975.817
975.82
975.828
978.643
981.266
989.916
997.684
worth = 0.37
963.22
963.229
963.22
963.229
963.232
963.239
963.238
963.24
967.418
971.296
984.102
995.582
worth = 0.5
949.501
949.518
949.557
949.606
949.632
949.632
949.637
949.645
955.278
960.508
977.789
993.295
worth = 0.62
935.975
936.464
936.772
936.915
936.977
937.021
937.028
937.056
944.03
950.532
971.973
991.199
worth = 0.75
918.924
919.573
920.977
922.109
922.846
923.117
923.294
923.38
931.82
939.735
965.598
988.934
worth = 0.87
902.322
903.811
904.596
906.455
907.562
909.294
910.164
910.51
920.425
929.634
959.681
986.839
worth = 1.0
887.734
887.331
887.726
888.931
891.125
893.107
894.857
897.204
907.614
918.541
953.146
984.564
worth = 1.12
875.473
877.731
876.268
877.953
880.238
883.838
887.61
890.932
895.586
907.442
946.877
982.467
worth = 1.25
882.088
885.306
880.983
879.417
878.91
882.267
883.172
887.219
891.194
896.333
939.666
980.198
worth = 1.37
885.921
888.886
886.186
886.011
884.554
884.593
884.841
885.002
889.37
893.72
932.876
978.117
worth = 1.5
896.558
897.331
888.918
887.252
888.981
884.527
887.135
887.619
888.347
892.834
925.557
975.833
transient = ULOF
worth = 0.12
916.128
916.147
916.106
916.494
917.015
912.374
916.933
918.055
917.519
925.225
915.872
926.842
worth = 0.25
899.813
899.621
896.367
905.489
915.221
918.717
932.926
932.745
931.655
935.576
915.798
920.268
worth = 0.37
890.162
894.589
904.817
915.325
916.041
922.367
932.264
935.561
938.705
944.899
936.871
918.177
worth = 0.5
906.763
916.88
921.85
929.619
934.549
936.561
945.49
950.496
950.391
953.597
940.634
924.42
worth = 0.62
925.784
924.577
929.163
947.075
954.284
951.394
957.254
970.867
968.272
966.557
945.059
915.717
worth = 0.75
943.718
948.963
947.902
936.028
1025.313
892.632
897.347
1003.249
907.18
971.963
944.992
928.438
