transient = UTOP
worth = 0.12
916.129
916.147
916.108
916.507
917.015
912.382
916.936
918.061
917.519
925.225
915.975
927.61
worth = 0.25
899.813
899.621
896.367
905.491
915.222
918.717
932.926
932.745
931.655
935.576
915.798
920.29
worth = 0.37
890.168
894.589
904.817
915.325
918.698
922.377
932.264
935.561
941.072
945.088
937.695
918.177
worth = 0.5
906.763
916.88
923.566
930.01
935.085
936.561
945.49
950.496
950.391
954.504
940.634
924.42
worth = 0.62
925.784
924.588
934.35
947.075
954.284
952.646
958.564
970.966
970.725
966.557
945.059
915.733
worth = 0.75
943.718
949.623
954.013
936.028
1051.32
897.609
967.812
1023.111
938.645
971.963
946.29
928.445
worth = 0.87
956.805
971.278
955.708
943.668
900.525
892.685
938.692
939.212
947.263
976.276
958.422
934.599
worth = 1.0
972.211
1221.593
1062.929
945.997
912.863
916.967
927.259
932.698
975.761
945.771
956.704
926.962
worth = 1.12
931.347
961.233
992.557
915.302
895.019
918.732
930.097
925.149
915.8
943.047
974.476
930.699
worth = 1.25
932.421
913.065
925.193
1003.758
913.267
924.401
927.091
917.337
981.315
923.637
920.149
937.428
worth = 1.37
954.62
912.83
897.348
911.212
922.125
903.117
924.189
922.681
907.845
942.515
918.082
932.631
worth = 1.5
944.16
932.997
919.088
889.326
897.053
899.535
897.126
927.185
907.22
914.072
962.468
940.764
transient = ULOF
worth = 0.12
1146.997
1147.001
1147.0
1147.004
1147.004
1147.004
1147.003
1147.0
1149.165
1151.18
1157.857
worth = 0.25
1163.833
1125.225
1124.748
1124.431
1124.085
1122.709
1121.807
1121.363
1120.333
1125.401
1130.31
1147.707
worth = 0.37
1160.192
1100.42
1099.761
1099.407
1099.193
1098.851
1098.641
1098.544
1098.489
1105.144
1111.687
1135.963
worth = 0.5
1156.819
1076.815
1076.83
1075.897
1074.187
1073.267
1071.854
1071.484
1071.322
1081.027
1090.252
1123.319
worth = 0.62
1153.168
1052.619
1051.821
1051.506
1051.191
1051.052
1051.052
1051.087
1051.408
1062.701
1073.599
1113.0
worth = 0.75
1149.803
1029.969
1029.768
1029.897
1030.167
1031.123
1030.411
1030.224
1031.86
1043.865
1056.36
1100.97
worth = 0.87
1146.148
1011.812
1013.855
1010.81
1011.327
1028.216
1048.371
1053.616
1217.575
1052.353
1042.659
1089.483
worth = 1.0
1142.769
996.974
1033.98
1052.887
1055.952
1202.477
1215.538
1213.507
1223.544
1212.923
1216.314
1078.777
worth = 1.12
1137.832
1058.742
1206.159
1187.985
1220.675
1210.262
1202.524
1215.738
1215.094
1221.278
1208.163
1069.169
worth = 1.25
1133.061
1219.59
1221.795
1191.593
1221.575
1214.077
1210.329
1212.853
1215.039
1217.346
1217.008
1059.093
worth = 1.37
1128.202
1209.757
1193.971
1199.765
1215.05
1210.48
1214.904
1211.836
1219.91
1215.258
1221.116
1050.615
worth = 1.5
1124.376
1182.419
1179.021
1188.938
1176.133
1220.247
1218.083
1225.47
1213.105
1200.284
1196.287
1042.134
1119.847
