transient = ULOHS
worth = 0.12
989.446
989.448
989.454
989.445
989.45
989.454
989.449
989.448
989.452
989.452
worth = 0.25
975.817
975.817
975.815
975.821
975.819
975.824
975.824
975.824
975.826
975.833
worth = 0.37
963.223
963.219
963.226
963.233
963.233
963.234
963.241
963.241
963.243
963.243
worth = 0.5
949.625
949.625
949.628
949.625
949.629
949.639
949.638
949.644
949.645
949.647
worth = 0.62
937.081
937.087
937.086
937.094
937.097
937.101
937.105
937.109
937.117
937.121
worth = 0.75
923.531
923.532
923.538
923.541
923.546
923.548
923.554
923.561
923.57
923.583
worth = 0.87
911.044
911.049
911.053
911.055
911.064
911.068
911.075
910.756
911.868
913.805
worth = 1.0
897.534
897.284
897.284
897.287
897.363
898.533
900.462
902.783
905.353
908.103
transient = UTOP
worth = 0.12
916.427
916.164
916.659
905.32
906.812
909.989
911.165
916.601
922.119
921.603
worth = 0.25
900.501
903.703
904.642
906.616
907.514
909.472
911.507
913.655
908.523
933.783
worth = 0.37
888.601
895.429
898.432
898.293
902.102
903.695
906.326
909.023
911.709
920.056
worth = 0.5
911.465
902.996
903.55
892.426
896.799
899.928
902.575
905.556
908.84
940.216
worth = 0.62
892.943
899.886
895.374
910.495
919.63
920.693
929.777
1210.917
924.74
930.371
worth = 0.75
898.306
904.147
909.487
914.651
916.792
924.626
928.621
931.588
938.373
1027.431
worth = 0.87
922.876
933.191
930.708
1045.076
1088.629
1014.314
958.219
959.009
965.766
967.852
worth = 1.0
931.041
939.461
950.457
962.509
983.057
967.448
980.205
1004.011
982.397
990.775
transient = ULOF
worth = 0.12
1146.99
1146.996
1146.999
1146.999
1147.0
1147.005
1147.005
1147.006
1147.007
1147.006
worth = 0.25
1125.337
1125.347
1125.352
1125.355
1125.208
1125.213
1125.212
1125.211
1125.211
1125.212
worth = 0.37
1105.4
1105.398
1105.395
1105.393
1105.39
1105.391
1105.389
1104.922
1104.747
1104.251
worth = 0.5
1083.694
1083.342
1082.453
1081.746
1080.386
1079.581
1078.919
1078.624
1077.74
1076.256
worth = 0.62
1062.337
1060.225
1059.163
1056.44
1055.103
1054.253
1053.747
1053.368
1051.656
1050.413
worth = 0.75
1034.823
1032.787
1032.134
1030.616
1029.15
1028.314
1027.216
1027.159
1025.796
1026.323
worth = 0.87
1011.646
1009.412
1007.967
1007.299
1006.044
1005.974
1006.787
1008.166
1014.168
1180.736
worth = 1.0
987.124
984.897
985.238
986.245
987.935
1174.529
1211.494
1224.28
1223.79
1219.484
