transient = ULOHS
worth = 0.12
989.441
989.445
989.451
989.449
989.445
989.442
989.454
989.45
989.457
989.459
worth = 0.25
975.809
975.807
975.822
975.803
975.815
975.816
975.819
975.813
975.819
975.826
worth = 0.37
963.218
963.213
963.222
963.223
963.23
963.227
963.237
963.233
963.238
963.25
worth = 0.5
949.612
949.619
949.622
949.622
949.624
949.628
949.634
949.633
949.637
949.642
worth = 0.62
937.072
937.077
937.08
937.083
937.088
937.091
937.09
937.096
937.102
937.11
worth = 0.75
923.519
923.526
923.528
923.529
923.535
923.537
923.543
923.546
923.554
923.557
worth = 0.87
911.027
911.036
911.04
911.045
911.048
911.055
911.058
911.062
911.07
911.075
worth = 1.0
897.52
897.529
897.531
897.537
897.287
897.29
897.286
897.285
897.493
898.905
transient = UTOP
worth = 0.12
916.15
916.094
915.948
916.441
916.409
916.535
916.955
917.58
918.679
909.716
worth = 0.25
897.39
888.085
891.837
899.503
901.467
905.039
905.615
907.758
910.247
912.856
worth = 0.37
880.461
884.566
890.179
893.058
891.568
902.485
899.442
902.59
905.816
909.076
worth = 0.5
872.482
885.711
891.531
895.641
903.727
910.205
911.348
921.537
917.613
923.084
worth = 0.62
880.303
893.652
897.431
906.663
914.622
920.168
926.242
934.623
991.771
951.358
worth = 0.75
895.275
918.421
908.844
920.429
934.451
940.58
1053.931
1134.024
971.22
1000.69
worth = 0.87
928.318
925.817
942.664
947.015
948.782
955.191
979.574
985.302
984.452
1082.712
worth = 1.0
936.203
948.109
948.523
956.061
974.185
996.023
1010.48
1141.377
968.159
934.062
transient = ULOF
worth = 0.12
1146.983
1146.994
1146.999
1147.003
1147.001
1147.005
1147.006
1147.008
1147.008
1147.008
worth = 0.25
1125.321
1125.325
1125.33
1125.328
1125.324
1125.321
1125.317
1125.316
1125.31
1125.151
worth = 0.37
1105.343
1105.318
1104.377
1103.859
1102.373
1101.427
1100.933
1100.365
1100.058
1099.74
worth = 0.5
1082.102
1079.633
1078.739
1078.275
1077.768
1077.529
1076.216
1074.664
1072.927
1071.366
worth = 0.62
1059.22
1058.122
1055.322
1053.804
1052.975
1050.74
1050.005
1049.967
1051.544
1051.121
worth = 0.75
1032.699
1031.115
1030.417
1030.088
1030.264
1029.326
1028.815
1026.393
1026.68
1027.357
worth = 0.87
1011.18
1010.523
1009.618
1008.732
1007.169
1007.419
1008.312
1009.295
1016.015
1037.872
worth = 1.0
986.82
986.551
987.185
988.068
1002.544
1014.979
1040.982
1210.076
1217.458
1216.115
