transient = ULOHS
worth = 0.12
989.445
989.451
989.45
989.443
989.445
989.452
989.462
989.454
989.451
989.452
worth = 0.25
975.823
975.818
975.806
975.818
975.824
975.816
975.824
975.835
975.83
975.828
worth = 0.37
963.218
963.232
963.224
963.237
963.23
963.237
963.242
963.249
963.247
963.25
worth = 0.5
949.622
949.631
949.632
949.629
949.641
949.64
949.641
949.642
949.648
949.653
worth = 0.62
937.086
937.089
937.094
937.099
937.099
937.105
937.115
937.119
937.126
937.136
worth = 0.75
923.533
923.536
923.546
923.548
923.554
923.557
923.565
923.578
923.67
924.286
worth = 0.87
911.047
911.048
911.057
911.065
911.069
910.788
911.59
913.301
915.34
917.607
worth = 1.0
897.285
897.28
897.274
898.287
899.984
902.064
904.428
906.958
909.658
912.447
transient = UTOP
worth = 0.12
916.512
916.875
917.349
908.623
908.054
908.865
913.048
915.288
923.422
918.355
worth = 0.25
904.015
905.598
906.374
908.154
910.063
907.988
913.915
910.248
917.481
912.911
worth = 0.37
891.295
896.711
899.965
902.56
904.933
906.565
923.568
911.577
913.999
914.766
worth = 0.5
885.56
888.658
892.816
899.837
899.948
902.275
905.254
908.242
910.996
913.785
worth = 0.62
898.628
903.603
888.856
919.421
896.435
900.186
903.29
906.233
909.14
912.039
worth = 0.75
911.362
925.934
908.379
913.816
918.425
915.834
921.04
926.303
931.084
911.023
worth = 0.87
909.339
912.132
918.154
925.177
1211.971
941.995
937.225
941.48
944.696
952.309
worth = 1.0
928.486
1182.036
948.698
952.938
958.289
958.147
1026.321
972.172
998.209
984.851
transient = ULOF
worth = 0.12
1146.99
1146.997
1146.998
1147.0
1147.001
1147.005
1147.006
1147.006
1147.006
1147.007
worth = 0.25
1125.341
1125.349
1125.205
1125.209
1125.209
1125.21
1125.208
1125.213
1125.156
1125.057
worth = 0.37
1105.407
1105.412
1105.415
1105.421
1105.42
1105.372
1104.955
1105.079
1105.086
1105.263
worth = 0.5
1083.73
1083.722
1083.656
1083.513
1082.749
1082.438
1081.982
1080.827
1080.189
1079.874
worth = 0.62
1063.617
1062.357
1061.221
1059.976
1057.786
1056.438
1055.566
1054.659
1052.725
1052.002
worth = 0.75
1037.687
1034.866
1033.582
1031.402
1029.968
1029.077
1026.921
1026.181
1025.845
1027.74
worth = 0.87
1012.344
1010.182
1008.952
1006.113
1005.827
1005.858
1007.808
1018.237
1212.564
1213.071
worth = 1.0
985.676
984.962
984.955
987.142
1026.271
1209.078
1207.922
1207.205
1203.814
1200.338
